15  14  13  12  |   11  10  9   |   8   7   6   |   5   |   4   3   |   2   1   0
----------------------------------------------------------------------------------
        OP      |       DR      |       SR1     |   0   |     00    |     SR2
----------------------------------------------------------------------------------
0   0   0   2   |   1   0   1   |   0   1   1   |   0   |   0   0   |   0   0   1
----------------------------------------------------------------------------------
        OP      |       DR      |       SR1     |   1   |           imm5          
----------------------------------------------------------------------------------
0   0   0   2   |   1   0   1   |   0   1   1   |   1   |    1   0   0   0   1



---------------------------------------------------------------------------------
0   0   2   |   1   0   1   |   0   1   1   |   1   |   32   16   8   4   2   1
